{
 "cells": [
  {
   "cell_type": "markdown",
   "metadata": {},
   "source": [
    "# Tooltip calibration\n",
    "\n"
   ]
  },
  {
   "cell_type": "markdown",
   "metadata": {},
   "source": [
    "\n",
    "See : p17 (Section 4.3) of\n",
    "\n",
    "https://www.researchgate.net/profile/Mihran_Tuceryan/publication/3410747_Calibration_Requirements_and_Procedures_for_a_Monitor-Based_Augmented_Reality_System\n",
    "\n"
   ]
  },
  {
   "cell_type": "code",
   "execution_count": 3,
   "metadata": {},
   "outputs": [],
   "source": [
    "import numpy as np\n",
    "from math import sqrt\n"
   ]
  },
  {
   "cell_type": "code",
   "execution_count": 12,
   "metadata": {},
   "outputs": [],
   "source": [
    "\n",
    "#R = matrix (nx3x3) of n rotation matrices for measured locations\n",
    "#p = matrix (nx3) of n translation vectors for measured location\n",
    "\n",
    "\n",
    "def tool_offset(R, P):\n",
    "\n",
    "    #Form matrices\n",
    "    rows = R.shape[0]\n",
    "    I = np.eye(3)\n",
    "    R = R.reshape(3*rows,3)\n",
    "    IR = I\n",
    "    \n",
    "    for i in range(rows-1):\n",
    "        IR = np.vstack((IR,I))\n",
    "    IR = np.hstack((IR,-R))\n",
    "    IP = P.reshape(3*rows, 1)\n",
    "\n",
    "    #Solve\n",
    "    print(\"\\nIR\\n\")\n",
    "    print(IR)\n",
    "\n",
    "    print(\"\\nIP\\n\")\n",
    "    print(IP)\n",
    "    \n",
    "\n",
    "    IRinv = np.linalg.pinv(IR)\n",
    "\n",
    "    print(\"\\nIRinv\\n\")\n",
    "    print(IRinv)\n",
    "    \n",
    "    pwt = np.dot(IRinv, IP)\n",
    "\n",
    "              \n",
    "    return pwt[0:3, :].T, pwt[3:6, :].T #Split into two points\n",
    "\n",
    "\n",
    "    "
   ]
  },
  {
   "cell_type": "markdown",
   "metadata": {},
   "source": [
    "The next cell does a simple test with random data - calculating random rotation matrices and measurement positions, and a fixed world and tool position for the rotation point"
   ]
  },
  {
   "cell_type": "code",
   "execution_count": 13,
   "metadata": {
    "scrolled": false
   },
   "outputs": [
    {
     "name": "stdout",
     "output_type": "stream",
     "text": [
      "Target\n",
      "\n",
      "Pw (world coordinate)\n",
      "\n",
      "[[0.30292798 0.15219941 0.76615217]]\n",
      "\n",
      "Pt (tool coordinate)\n",
      "\n",
      "[[0.51655573 0.18973577 0.88424373]]\n",
      "---\n",
      "Measurements\n",
      "\n",
      "Rotations\n",
      "\n",
      "[[[-0.21063461  0.97709093 -0.03043648]\n",
      "  [-0.37222016 -0.05137322  0.92672161]\n",
      "  [ 0.90392766  0.20652871  0.37451392]]\n",
      "\n",
      " [[-0.0566121   0.96124598  0.26981705]\n",
      "  [ 0.39111249 -0.22729882  0.8918331 ]\n",
      "  [ 0.91860007  0.15601737 -0.36308744]]\n",
      "\n",
      " [[ 0.95642918 -0.20764554 -0.20524752]\n",
      "  [ 0.24892637  0.94731074  0.20158877]\n",
      "  [ 0.15257418 -0.2438969   0.95772408]]\n",
      "\n",
      " [[ 0.41000757 -0.17353549  0.89542126]\n",
      "  [ 0.67036564 -0.60836257 -0.42485867]\n",
      "  [ 0.61846883  0.77445492 -0.13310103]]\n",
      "\n",
      " [[ 0.87029019 -0.34597063 -0.35056998]\n",
      "  [ 0.41489509  0.89852303  0.14324257]\n",
      "  [ 0.26543747 -0.27011237  0.92551729]]\n",
      "\n",
      " [[ 0.02913678  0.39925367  0.91637741]\n",
      "  [ 0.97404457  0.19453631 -0.11572728]\n",
      "  [-0.22447322  0.89596436 -0.3832227 ]]]\n",
      "\n",
      "Positions\n",
      "\n",
      "[[ 0.25325665 -0.46522858 -0.07112432]\n",
      " [-0.0887955  -0.7953031   0.58309975]\n",
      " [ 0.02976562 -0.33437728 -0.11324645]\n",
      " [-0.66770853  0.29702495  0.4174305 ]\n",
      " [ 0.2290069  -0.35926034 -0.13809397]\n",
      " [-0.59817648 -0.28552828  1.05097088]]\n",
      "---\n",
      "\n",
      "IR\n",
      "\n",
      "[[ 1.          0.          0.          0.21063461 -0.97709093  0.03043648]\n",
      " [ 0.          1.          0.          0.37222016  0.05137322 -0.92672161]\n",
      " [ 0.          0.          1.         -0.90392766 -0.20652871 -0.37451392]\n",
      " [ 1.          0.          0.          0.0566121  -0.96124598 -0.26981705]\n",
      " [ 0.          1.          0.         -0.39111249  0.22729882 -0.8918331 ]\n",
      " [ 0.          0.          1.         -0.91860007 -0.15601737  0.36308744]\n",
      " [ 1.          0.          0.         -0.95642918  0.20764554  0.20524752]\n",
      " [ 0.          1.          0.         -0.24892637 -0.94731074 -0.20158877]\n",
      " [ 0.          0.          1.         -0.15257418  0.2438969  -0.95772408]\n",
      " [ 1.          0.          0.         -0.41000757  0.17353549 -0.89542126]\n",
      " [ 0.          1.          0.         -0.67036564  0.60836257  0.42485867]\n",
      " [ 0.          0.          1.         -0.61846883 -0.77445492  0.13310103]\n",
      " [ 1.          0.          0.         -0.87029019  0.34597063  0.35056998]\n",
      " [ 0.          1.          0.         -0.41489509 -0.89852303 -0.14324257]\n",
      " [ 0.          0.          1.         -0.26543747  0.27011237 -0.92551729]\n",
      " [ 1.          0.          0.         -0.02913678 -0.39925367 -0.91637741]\n",
      " [ 0.          1.          0.         -0.97404457 -0.19453631  0.11572728]\n",
      " [ 0.          0.          1.          0.22447322 -0.89596436  0.3832227 ]]\n",
      "\n",
      "IP\n",
      "\n",
      "[[ 0.25325665]\n",
      " [-0.46522858]\n",
      " [-0.07112432]\n",
      " [-0.0887955 ]\n",
      " [-0.7953031 ]\n",
      " [ 0.58309975]\n",
      " [ 0.02976562]\n",
      " [-0.33437728]\n",
      " [-0.11324645]\n",
      " [-0.66770853]\n",
      " [ 0.29702495]\n",
      " [ 0.4174305 ]\n",
      " [ 0.2290069 ]\n",
      " [-0.35926034]\n",
      " [-0.13809397]\n",
      " [-0.59817648]\n",
      " [-0.28552828]\n",
      " [ 1.05097088]]\n",
      "\n",
      "IRinv\n",
      "\n",
      "[[ 0.25122055  0.15172803 -0.16606448  0.1441267  -0.04448933 -0.00795755\n",
      "   0.16182162 -0.09519697  0.03992541  0.09852165  0.21741416 -0.08676809\n",
      "   0.24685686 -0.12523276  0.01654599  0.09745262 -0.10422312  0.20431871]\n",
      " [ 0.10203125  0.3240853  -0.17593696 -0.01060772  0.11336053 -0.01183088\n",
      "  -0.01536533  0.08024374  0.03468611 -0.0786564   0.37930438 -0.08273919\n",
      "   0.07145695  0.04743107  0.00940363 -0.06885876  0.05557498  0.22641728]\n",
      " [ 0.10463227  0.1828295  -0.02473226 -0.01535793 -0.04836691  0.14670359\n",
      "  -0.0199375  -0.10022841  0.21686726 -0.07580527  0.22962546  0.0681017\n",
      "   0.07450007 -0.13677668  0.18880299 -0.06803165 -0.12708296  0.40425671]\n",
      " [ 0.20430417  0.31855396 -0.28506868  0.04658661 -0.05727499 -0.09592339\n",
      "  -0.12021547 -0.08608446  0.09654745 -0.09930922  0.20863444 -0.13416884\n",
      "  -0.00239261 -0.1525254   0.04782052 -0.02897349 -0.23130355  0.37079294]\n",
      " [-0.04931791  0.1578685  -0.11907449 -0.12745017  0.03548783  0.00672647\n",
      "   0.07004063 -0.19338571  0.11293515  0.02105608  0.29079183 -0.1510287\n",
      "   0.15651578 -0.2088761   0.09906461 -0.07084442 -0.08188635  0.05137695]\n",
      " [ 0.11931628  0.01301572 -0.15707341 -0.01544637 -0.14017758  0.08903282\n",
      "   0.0658023  -0.05864539 -0.09046913 -0.16337085  0.28033493 -0.00617504\n",
      "   0.15639289 -0.07367751 -0.10421322 -0.16269425 -0.02085016  0.26889799]]\n",
      "Estimated\n",
      "\n",
      "Pw (world coordinate)\n",
      "\n",
      "[[0.30292798 0.15219941 0.76615217]]\n",
      "\n",
      "Pt (tool coordinate)\n",
      "\n",
      "[[0.51655573 0.18973577 0.88424373]]\n",
      "---\n"
     ]
    }
   ],
   "source": [
    "\n",
    "#\n",
    "# Test with random data\n",
    "#\n",
    "\n",
    "pw = np.random.rand(1,3)\n",
    "pt = np.random.rand(1,3)\n",
    "\n",
    "print(\"Target\")\n",
    "print(\"\\nPw (world coordinate)\\n\")\n",
    "print(pw)\n",
    "print(\"\\nPt (tool coordinate)\\n\")\n",
    "print(pt)\n",
    "print(\"---\")\n",
    "\n",
    "# number of points\n",
    "n = 6\n",
    "\n",
    "pm = np.zeros((n,3))   #Measured point \n",
    "Rm = np.zeros((n,3,3)) #Measure rotation\n",
    "\n",
    "\n",
    "for i in range(n):\n",
    "    # make R a proper rotation matrix, force orthonormal\n",
    "    R = np.mat(np.random.rand(3,3))\n",
    "    U, S, Vt = np.linalg.svd(R)\n",
    "    R = U*Vt\n",
    "    \n",
    "    # remove reflection\n",
    "    if np.linalg.det(R) < 0:\n",
    "       Vt[2,:] *= -1\n",
    "       R = U*Vt\n",
    "\n",
    "    # make the arrays of simulated Rotations and Positions\n",
    "    Rm[i,:,:]=R\n",
    "    pm[i,:] =  pw - (R*pt.T).T\n",
    "    \n",
    "\n",
    "print(\"Measurements\")\n",
    "print(\"\\nRotations\\n\")\n",
    "print(Rm)\n",
    "print(\"\\nPositions\\n\")\n",
    "print(pm)\n",
    "\n",
    "print(\"---\")\n",
    "\n",
    "PW, PT = tool_offset(Rm, pm)\n",
    "\n",
    "print(\"Estimated\")\n",
    "print(\"\\nPw (world coordinate)\\n\")\n",
    "print(PW)\n",
    "print(\"\\nPt (tool coordinate)\\n\")\n",
    "print(PT)\n",
    "print(\"---\")\n",
    "\n"
   ]
  },
  {
   "cell_type": "markdown",
   "metadata": {},
   "source": [
    "The following cell calculates the tool offset for the values reported by the CalibrateTooltip script in Unity.\n",
    "You should paste the position values directly into the local transform of the tooltip."
   ]
  },
  {
   "cell_type": "code",
   "execution_count": 15,
   "metadata": {},
   "outputs": [
    {
     "name": "stdout",
     "output_type": "stream",
     "text": [
      "\n",
      "IR\n",
      "\n",
      "[[ 1.          0.          0.         -0.6241189   0.1459335  -0.76758   ]\n",
      " [ 0.          1.          0.         -0.6069545  -0.7091923   0.3586816 ]\n",
      " [ 0.          0.          1.          0.4920182  -0.6897461  -0.5311953 ]\n",
      " [ 1.          0.          0.         -0.3399733  -0.4658172  -0.8169654 ]\n",
      " [ 0.          1.          0.          0.270656   -0.8804199   0.3893664 ]\n",
      " [ 0.          0.          1.          0.9006462   0.08874249 -0.4253954 ]\n",
      " [ 1.          0.          0.         -0.7232004  -0.47163    -0.5045258 ]\n",
      " [ 0.          1.          0.         -0.1435715  -0.6118959   0.7777985 ]\n",
      " [ 0.          0.          1.          0.6755505  -0.6349398  -0.3748108 ]\n",
      " [ 1.          0.          0.         -0.3829958   0.1557047  -0.9105329 ]\n",
      " [ 0.          1.          0.         -0.1792883  -0.9794778  -0.09208079]\n",
      " [ 0.          0.          1.          0.9061841  -0.1279814  -0.403052  ]]\n",
      "\n",
      "IP\n",
      "\n",
      "[[ 1.468334 ]\n",
      " [ 0.8307886]\n",
      " [-1.051155 ]\n",
      " [ 1.515763 ]\n",
      " [ 0.8493054]\n",
      " [-1.090657 ]\n",
      " [ 1.540523 ]\n",
      " [ 0.8502798]\n",
      " [-1.014596 ]\n",
      " [ 1.478976 ]\n",
      " [ 0.8552772]\n",
      " [-1.037528 ]]\n",
      "\n",
      "IRinv\n",
      "\n",
      "[[ 0.08227543 -0.43208541 -0.35508495  0.34865479  0.47598881  0.11035122\n",
      "   0.4892095   0.67621028  0.06632242  0.07986027 -0.72011368  0.17841131]\n",
      " [ 0.30834518  0.34056088 -0.24139252 -0.23686111  0.13291228  0.39928925\n",
      "  -0.51051564  0.05433509 -0.33076396  0.43903157  0.47219176  0.17286724]\n",
      " [ 0.29912883  0.6396329   0.32042163 -0.45791397 -0.60712272  0.28506623\n",
      "   0.2824572   0.38352654  0.22093297 -0.12367206 -0.41603672  0.17357917]\n",
      " [-0.2850663  -0.79488397 -0.33882194  0.39693314  0.7873814   0.1360998\n",
      "  -0.22176168  0.03785833 -0.0155779   0.10989484 -0.03035576  0.21830004]\n",
      " [ 0.39676896  0.24295359 -0.31158688 -0.40553784 -0.24576488  0.45446179\n",
      "  -0.34981973  0.12849629 -0.33589774  0.35858861 -0.125685    0.19302283]\n",
      " [-0.11101401 -0.07906866 -0.17361321 -0.05644154  0.14338832 -0.04310964\n",
      "   0.54619447  0.84836675  0.17039156 -0.37873892 -0.91268641  0.0463313 ]]\n",
      "\n",
      "Tool offset to paste into Unity\n",
      "0.015590255186988144 , -0.07339728558708736 , 0.03812571207027582\n"
     ]
    }
   ],
   "source": [
    "\n",
    "#positions = \"\"\n",
    "#rotations = \"\"\n",
    "\n",
    "positions = \"1.468334,0.8307886,-1.051155,1.515763,0.8493054,-1.090657,1.540523,0.8502798,-1.014596,1.478976,0.8552772,-1.037528\"\n",
    "rotations = \"0.6241189,-0.1459335,0.76758,0.6069545,0.7091923,-0.3586816,-0.4920182,0.6897461,0.5311953,0.3399733,0.4658172,0.8169654,-0.270656,0.8804199,-0.3893664,-0.9006462,-0.08874249,0.4253954,0.7232004,0.47163,0.5045258,0.1435715,0.6118959,-0.7777985,-0.6755505,0.6349398,0.3748108,0.3829958,-0.1557047,0.9105329,0.1792883,0.9794778,0.09208079,-0.9061841,0.1279814,0.403052\"\n",
    "\n",
    "pm = np.fromstring(positions, sep=',')\n",
    "Rm = np.fromstring(rotations, sep=',')\n",
    "\n",
    "samples = int(pm.shape[0] / 3);\n",
    "\n",
    "pm = pm.reshape(samples, 3)\n",
    "Rm = Rm.reshape(samples, 3, 3)\n",
    "\n",
    "PW, PT = tool_offset(Rm, pm)\n",
    "\n",
    "print(\"\\nTool offset to paste into Unity\")\n",
    "print(PT[0,0], \",\", PT[0,1], \",\", PT[0,2])\n",
    "\n"
   ]
  }
 ],
 "metadata": {
  "kernelspec": {
   "display_name": "Python 3",
   "language": "python",
   "name": "python3"
  },
  "language_info": {
   "codemirror_mode": {
    "name": "ipython",
    "version": 3
   },
   "file_extension": ".py",
   "mimetype": "text/x-python",
   "name": "python",
   "nbconvert_exporter": "python",
   "pygments_lexer": "ipython3",
   "version": "3.7.3"
  }
 },
 "nbformat": 4,
 "nbformat_minor": 2
}
